"","V1","V2","V3","V4","V5","V6","V7"
"1",73.0046410069783,0.000106213559592926,0.508309231672221,14.6832867939094,13.3281637575391,13.4704984628253,15.7248375379452
"2",82.3583399045502,0.000578325429660221,0.510698948402533,23.400871003227,-11.3753448694267,9.61989891823168,-6.30104088655304
"3",86.2692203021438,0.000498577778121811,0.5026655494146,14.0434407587917,-10.3334791329108,12.6648369786615,-9.18230747884805
"4",90.3203410526381,0.00024330216877688,0.51314859496523,24.6982804012976,9.16780955022015,7.51549104616598,10.637897382295
"5",93.1498777192039,0.000530873665227345,0.503979194674882,12.7324973116903,-8.66801410692066,16.8527448795712,-14.4656271432153
"6",81.0855102306371,0.000616595212988447,0.497786234053453,18.6421566938744,2.01486888987364,8.52651058696983,8.55711331402323
"7",81.4430938272949,0.000526579819092788,0.527376408370299,20.536689561755,11.0723984411435,6.36631862066535,13.6003888410586
"8",83.6213491942118,0.000344073444576771,0.476791067667854,20.4831165774575,9.1384257208413,5.41575479701072,-0.495268513936828
"9",90.423529830821,0.000641188882185766,0.538249561090382,14.725996344574,-9.19109852703365,16.8485406993129,-2.80684852116702
"10",82.0022818820782,0.000490478953753838,0.531012954460311,18.617822794927,10.1713430532281,3.64311625854119,10.8516327522636
"11",80.4585563179452,0.000581061996778739,0.51767163890097,22.3346801298328,-4.962947384855,16.2695049852678,0.976089097896626
"12",86.5528657355695,0.0006079111192127,0.496444164320252,24.8659458008637,-8.62541624377872,16.5005902415404,-6.98783678086876
"13",96.0765697237423,0.000623829480640772,0.494402566502781,18.2179774294572,2.68246438419991,14.5326591344333,-0.890989413428132
"14",85.348826271481,0.000415199644428595,0.512792889738329,23.1354671213623,10.2759427470713,16.1927890700671,6.17300225858122
"15",81.3183492114058,0.000644103307071505,0.520614047992484,17.1568352987687,0.804977330957483,14.6708035862963,-3.92581210302595
"16",91.8385716956049,0.00038462647330658,0.475075263814965,33.0466890250823,0.514645180916523,15.41182890621,-4.05315757527518
"17",84.3592688172704,0.000534489351371757,0.520461942561613,23.2994619252867,9.31271375845625,10.1840983235285,6.94257087529022
"18",92.5655507216984,0.000182637962881521,0.530551655339071,31.0353365092509,7.8374448934788,20.6592286258823,11.5369295597181
"19",90.2112971575031,0.000264532392911437,0.477256539201831,34.4309150040912,6.54549693793083,16.2891966300494,2.82842852524543
"20",84.6242872924339,0.00065734535671123,0.532576205931893,26.5420592057013,-1.53956056604284,14.8811105786831,2.52746965462138
"21",79.677922337012,0.000218603081963935,0.525493451492491,31.1835366284321,9.80594956382191,14.6796536705037,10.3888018456061
"22",86.265610010723,0.000367979902177687,0.480131694642756,34.914058002166,1.24188001405962,13.9409608754137,12.4468172785108
"23",77.6867672992431,0.000148201699519943,0.517743005054664,20.8040381763421,10.5569313988978,12.808909156698,13.3884675960803
"24",93.397691889118,0.000602179951335013,0.52125668619029,35.8476286432996,8.46049477864748,14.3856433448167,10.5919618678754
"25",78.3379501189661,0.000639445473802813,0.518486727539895,22.4728077885495,3.57897969485233,21.2419368082909,10.493259168724
"26",87.2719040385823,0.000326448310871578,0.374906699026105,34.1410649274854,-3.49560574514797,21.7568711894266,-4.40462846039025
"27",83.301733400479,0.000636840921136293,0.538964470169313,30.6250589133929,0.977202224775711,9.13317059609544,13.5549529068722
"28",82.0866510573683,0.000531585480155011,0.490703260443833,12.2072041725245,-6.00404581377452,9.69811413379945,-3.94938558797745
"29",76.9517265347173,0.000562896878344311,0.493022162117735,11.6624287345394,11.7826490424116,14.7773054923238,6.61033836488548
"30",96.539533528334,0.000162536317869071,0.492233451070827,28.2104137788702,7.73548382663519,15.4072589103315,11.9825612458608
"31",90.6997246729933,0.000134783763250308,0.471729084225714,27.4338314852968,8.79733467841937,7.93681641575715,0.791339417270684
"32",89.9591604239893,0.000586053711612913,0.521077039378542,13.0965464208136,-3.0682136924659,9.32096904679749,2.51288406693332
"33",81.9384360528078,0.000570918266852983,0.31122968650388,13.187115324429,9.39604989597325,6.26425488193617,6.16323827955546
"34",93.4375313869432,0.000521176242309916,0.493745683836258,16.0858620464872,-9.78150258638569,17.8346256956941,-9.19267239209833
"35",81.2782138977952,0.000611999936212741,0.520080069109236,22.2137198118989,8.35743659354108,4.93388549812564,12.9011788926661
"36",89.6864021646727,0.000533907514583796,0.494983065934358,8.61397235764969,-2.34939017010896,2.20007046643564,-1.21411349400117
"37",83.9505844444971,0.000544066664671224,0.507487362029877,35.6398756941297,2.27176112877996,15.7903012643291,3.19424670159985
"38",89.0068095567653,0.000126888983635435,0.4734093252349,28.798225157587,10.8900102321493,8.14770762283006,0.578454063403096
"39",88.9550569230502,0.000575932026322897,0.530335622559873,10.8739651422464,-1.67207315810359,8.9172097170499,-4.24134623758952
"40",87.065946116919,0.000519859215267231,0.48932790812746,16.3621458700132,10.0744176927267,9.25245817897312,10.2325447789419
"41",92.0305394650369,0.000484990834201165,0.483320912201057,6.50761178313649,14.6481536869899,6.91105578027145,11.0479894667664
"42",85.8682076126142,0.000331247737730777,0.479790346614273,35.6825708760409,5.22704269101935,14.6123509144179,15.0743774083066
"43",90.2917909855296,0.000328808606159316,0.50310892848297,20.1215694720197,9.55517291342484,21.4837446496601,13.5760832223547
"44",83.8556682970008,0.000619665155284598,0.520186828332193,37.5584700326334,5.45958150409209,17.2970147532398,0.87029291738511
"45",86.897737367132,0.000612677778448105,0.501890189232566,24.5666029955127,-5.85459078090973,16.964796839563,-5.3727788591316
"46",82.2659634575366,0.000289366418054258,0.543142259342915,33.2725030436354,10.672802811115,20.2422724101425,8.36738361966798
"47",84.0780460023116,0.00057080853871414,0.516907146159499,15.4489983259585,-6.43456387987282,14.0424498548007,-1.41147128488822
"48",86.8418469840835,0.000466791305716777,0.46741248998165,16.7154399895833,12.6129949567997,4.72221567717037,7.30311555054414
"49",97.7327209960134,0.000530103195058064,0.573220734159399,26.8703157874397,11.9580782513107,3.37847595110228,5.12810743373889
"50",87.4963075423876,0.000612311892005442,0.524004918793661,7.35538515330024,3.90045773347404,20.5039929930642,10.5158571726519
"51",91.1392499687925,0.000254963982588967,0.467590021209447,11.6734791182014,11.036721873429,9.32183131564913,5.82976123240803
"52",91.4798321501238,0.000410752974985653,0.491250644464505,29.8329263654307,7.74725584155419,4.08600696545623,11.0835382226684
"53",89.292264292817,0.00041603545084394,0.456627375587278,21.4632683391614,8.04863997081748,6.80158665802629,1.17465840199956
"54",78.1244410211467,0.000710535778479895,0.461607698912042,13.7583894503073,3.39729711565714,3.9043544647964,5.11060512621798
"55",94.8669675989283,0.000610412950415875,0.536939140396926,21.6186231002563,7.89352890667583,11.6353687718253,6.19489338082235
"56",84.0616870312986,0.000282872836017388,0.421944289556395,35.6538705543701,-5.90405526081747,17.8922888338875,-1.15743283326045
"57",86.7200805467868,0.000632753571874489,0.501125728804198,23.7259141607023,-9.3765236892564,14.1641514309996,-14.8181700105385
"58",82.0160843750039,0.000437896160004803,0.465261086825089,32.2975941988946,1.29090900552686,9.15773587714352,6.54640870067006
"59",87.3219920584633,0.000597006724233444,0.50399785810325,16.3139239524692,-0.0837441086139027,10.5441365415706,-9.75414706881343
"60",88.9326976986651,0.000272871378846319,0.46261035422003,32.8471587924567,5.31290409638303,8.29863842959689,4.37063958901846
"61",82.8841734991227,0.000561256654547299,0.508793754039799,21.6701264155649,-11.2663893968285,14.5294228997919,-3.24660150895555
"62",97.6076655137574,0.000295270148012771,0.507646369443636,31.8895750560942,6.79654204285624,21.9980294489924,6.46404541393154
"63",85.8124820922682,0.000211958774602152,0.456987205228529,26.034894286231,8.58452351760788,20.1469583375899,5.1460234800236
"64",88.1830915506854,0.000583009274356646,0.503944070949591,17.44755130815,-7.05028111886168,10.8159602468809,5.40098233321396
"65",83.7271086208521,0.000372033824520649,0.494587214883121,21.5103761756289,10.2726952638966,5.7273905713458,-0.302312578890688
"66",88.1813539531542,0.000596582793953798,0.532056012570504,14.236327775408,6.4553919075212,7.29068217514319,1.21108314249087
"67",84.3901074370098,0.000496751221139732,0.482003314497778,34.4575507928069,5.31565955527978,12.9186831867096,13.0172844613245
"68",92.6149120976615,0.000198062210553857,0.44641665351171,9.57041650065265,10.607331226954,12.4463326046551,5.12331496357593
"69",95.7479698315455,0.000574943296732788,0.455561942245447,24.2360484282077,-0.179875769025219,21.0298204831593,-0.430819544426738
"70",92.4965813159866,0.000326766340764023,0.504556207299852,22.7774545095745,6.97125992645386,13.4259319310681,17.6310321801014
"71",80.4593627811387,0.000688358232072428,0.519814390154638,28.0074897587661,-0.727775008630386,15.2532946698083,3.32300444074248
"72",91.1579512385487,0.000620526454786149,0.503892797664522,20.6232491333021,-0.775842085360389,12.8269587250997,-2.30184094737338
"73",86.2544348586144,0.00067259237125846,0.514048643585767,28.7119475211152,0.658899825292879,16.7895104619975,2.44312589706292
"74",86.8077168164723,0.00078029351680072,0.434890087027778,3.31218545126472,12.3613890268205,3.38367918219215,5.86402173311722
"75",93.1130843031437,0.000476603528453904,0.519034704570453,20.2808284954496,11.4072122132533,21.1974739094859,10.7305443379114
"76",92.9599230899246,0.000347740311428903,0.478502469752327,16.6089901950712,10.852235148355,16.878584032283,3.38594747280797
"77",85.2555810999757,0.000586030302272637,0.516991012897912,33.5848596844546,9.06457869086006,19.1183310621249,16.0922916149321
"78",87.3699612708509,0.000602937066672013,0.518691916943604,21.8710903774587,1.32661623885888,11.4627995940919,3.60883347321958
"79",87.132550499501,0.000328574542019457,0.434471013445731,22.3815561935286,7.95647563222711,4.84652152266293,13.5313719619827
"80",93.4956397713838,0.000587147294702687,0.509514380397169,26.0442530277911,-5.72358513117106,13.7256879256186,2.76835904365677
"81",88.7695400946553,0.000506321569964572,0.522820543564723,32.7438366256986,8.2122423992758,14.5796433559729,-9.57770315516233
"82",89.0462876566665,0.000410288958291789,0.494206521087081,14.3278596433868,12.9940393813783,8.87054432978415,15.1032816845613
"83",81.2786480684981,0.000413489092374646,0.505294622378877,20.0318688395011,9.54535761215609,4.68926787080419,11.9584591561159
"84",90.2266463554833,0.000343551530518753,0.512605643689646,20.3341781701004,12.2687389309948,15.5402276076777,14.23045990634
"85",93.7288178419758,0.000469225584881999,0.465774101722135,32.578509668864,5.25113068934103,19.9814920793433,-0.0284458286277387
"86",91.102266731684,0.000694164424282802,0.512929410808445,33.1626736932021,8.6971661538097,13.5136499872768,4.96772260133678
"87",87.6166348761331,0.000684068643813405,0.499386918707025,29.7824082195931,3.11486037884924,20.1516659793683,5.43358628507931
"88",82.6851586380559,0.000631153495929593,0.51112262958444,9.00190051808619,3.80712767407139,6.9637151618648,3.35984617616868
"89",84.0819644668187,0.000667846005134395,0.516417434502457,25.07141672921,5.6034344934377,14.2785703690569,10.1579809849344
"90",84.9381845749231,0.000353937313558704,0.502674582158284,33.1288894128099,6.16612553241875,13.1614094084977,8.88973484909965
"91",88.0711496809099,0.000210264072181913,0.436293315806129,22.4238124719183,8.37821646381677,4.77906644936319,10.8528874111388
"92",86.1368210285972,0.000569406812149976,0.495933313695893,25.5246631937573,9.63743415893389,12.0024372434084,4.49282483552572
"93",93.2889555631881,0.000653841423276346,0.516980907598579,30.2325250972392,7.65668005346726,16.3697616376937,17.1841514026515
"94",79.2835841370273,0.000476663233344967,0.534951816634151,31.6109206297278,9.52305261680948,12.5231632060326,15.7525908989034
"95",85.6712539496421,0.000281677885534086,0.508173362502429,9.12302910318365,13.3199334288269,9.86427294111379,6.6697857697132
"96",89.8200843124131,0.000392476651429994,0.462495091569311,32.9334776968862,3.82781017631648,5.03725022778187,16.1679762177829
"97",92.6807471757238,0.000472856387597277,0.474578478960347,7.12048508661937,11.9685622501364,18.0048167087266,1.09585550616026
"98",86.2388260567613,0.000404620013633876,0.507424906407117,19.6667682264786,10.205351705479,5.91810155633586,5.80015337760662
